rev_tip_115_mod
 1.00000    -0.00028
 0.99980    -0.00025
 0.99920    -0.00016
 0.99825    -0.00001
 0.99695     0.00021
 0.99531     0.00048
 0.99334     0.00081
 0.99107     0.00119
 0.98847     0.00164
 0.98558     0.00214
 0.98238     0.00269
 0.97889     0.00329
 0.97511     0.00393
 0.97103     0.00463
 0.96666     0.00536
 0.96201     0.00614
 0.95707     0.00696
 0.95186     0.00783
 0.94637     0.00873
 0.94060     0.00965
 0.93457     0.01062
 0.92826     0.01163
 0.92169     0.01269
 0.91488     0.01379
 0.90784     0.01493
 0.90054     0.01611
 0.89302     0.01734
 0.88528     0.01861
 0.87734     0.01991
 0.86920     0.02122
 0.86086     0.02258
 0.85232     0.02397
 0.84361     0.02541
 0.83474     0.02687
 0.82572     0.02837
 0.81654     0.02986
 0.80722     0.03136
 0.79775     0.03289
 0.78817     0.03447
 0.77846     0.03606
 0.76867     0.03765
 0.75877     0.03924
 0.74877     0.04082
 0.73869     0.04240
 0.72853     0.04398
 0.71830     0.04556
 0.70797     0.04713
 0.69759     0.04866
 0.68715     0.05019
 0.67668     0.05170
 0.66619     0.05318
 0.65567     0.05464
 0.64510     0.05607
 0.63449     0.05746
 0.62385     0.05881
 0.61316     0.06012
 0.60247     0.06140
 0.59174     0.06265
 0.58099     0.06384
 0.57020     0.06498
 0.55940     0.06609
 0.54859     0.06715
 0.53777     0.06818
 0.52694     0.06914
 0.51611     0.07007
 0.50527     0.07094
 0.49443     0.07177
 0.48361     0.07256
 0.47280     0.07330
 0.46202     0.07399
 0.45126     0.07461
 0.44052     0.07519
 0.42981     0.07572
 0.41914     0.07620
 0.40853     0.07662
 0.39797     0.07699
 0.38745     0.07729
 0.37698     0.07752
 0.36657     0.07772
 0.35623     0.07786
 0.34596     0.07795
 0.33579     0.07795
 0.32568     0.07790
 0.31565     0.07779
 0.30570     0.07763
 0.29585     0.07739
 0.28612     0.07711
 0.27649     0.07676
 0.26695     0.07634
 0.25752     0.07586
 0.24820     0.07531
 0.23900     0.07471
 0.22993     0.07405
 0.22100     0.07333
 0.21220     0.07253
 0.20351     0.07168
 0.19497     0.07077
 0.18657     0.06982
 0.17832     0.06879
 0.17024     0.06772
 0.16232     0.06657
 0.15453     0.06538
 0.14689     0.06413
 0.13942     0.06284
 0.13211     0.06149
 0.12498     0.06008
 0.11802     0.05863
 0.11122     0.05713
 0.10459     0.05559
 0.09814     0.05400
 0.09187     0.05238
 0.08580     0.05072
 0.07991     0.04901
 0.07420     0.04725
 0.06867     0.04549
 0.06334     0.04371
 0.05820     0.04189
 0.05327     0.04006
 0.04854     0.03818
 0.04402     0.03629
 0.03967     0.03437
 0.03552     0.03243
 0.03160     0.03049
 0.02788     0.02855
 0.02437     0.02657
 0.02108     0.02459
 0.01799     0.02260
 0.01512     0.02059
 0.01246     0.01861
 0.01004     0.01657
 0.00785     0.01455
 0.00590     0.01250
 0.00422     0.01054
 0.00284     0.00878
 0.00170     0.00712
 0.00090     0.00515
 0.00035     0.00255
 0.00009     0.00047
 0.00010     0.00040
 0.00058    -0.00269
 0.00128    -0.00521
 0.00231    -0.00698
 0.00365    -0.00843
 0.00521    -0.00980
 0.00703    -0.01130
 0.00912    -0.01270
 0.01149    -0.01407
 0.01419    -0.01540
 0.01721    -0.01673
 0.02053    -0.01804
 0.02411    -0.01934
 0.02798    -0.02059
 0.03214    -0.02177
 0.03660    -0.02293
 0.04138    -0.02407
 0.04642    -0.02517
 0.05172    -0.02623
 0.05731    -0.02722
 0.06321    -0.02819
 0.06940    -0.02909
 0.07586    -0.02998
 0.08256    -0.03081
 0.08951    -0.03159
 0.09674    -0.03232
 0.10428    -0.03299
 0.11205    -0.03362
 0.12007    -0.03420
 0.12832    -0.03474
 0.13684    -0.03522
 0.14563    -0.03566
 0.15467    -0.03606
 0.16392    -0.03641
 0.17337    -0.03671
 0.18307    -0.03698
 0.19302    -0.03720
 0.20320    -0.03738
 0.21356    -0.03753
 0.22410    -0.03763
 0.23486    -0.03770
 0.24582    -0.03772
 0.25700    -0.03772
 0.26832    -0.03768
 0.27980    -0.03762
 0.29144    -0.03749
 0.30327    -0.03734
 0.31527    -0.03715
 0.32739    -0.03694
 0.33963    -0.03670
 0.35200    -0.03641
 0.36450    -0.03609
 0.37713    -0.03573
 0.38985    -0.03536
 0.40264    -0.03494
 0.41551    -0.03449
 0.42848    -0.03401
 0.44153    -0.03348
 0.45462    -0.03294
 0.46774    -0.03238
 0.48089    -0.03177
 0.49411    -0.03113
 0.50736    -0.03047
 0.52059    -0.02979
 0.53381    -0.02909
 0.54701    -0.02834
 0.56022    -0.02757
 0.57341    -0.02679
 0.58655    -0.02598
 0.59961    -0.02514
 0.61263    -0.02428
 0.62560    -0.02340
 0.63852    -0.02248
 0.65132    -0.02157
 0.66403    -0.02062
 0.67665    -0.01965
 0.68920    -0.01867
 0.70164    -0.01768
 0.71394    -0.01670
 0.72610    -0.01572
 0.73815    -0.01475
 0.75008    -0.01379
 0.76186    -0.01284
 0.77347    -0.01192
 0.78490    -0.01100
 0.79616    -0.01010
 0.80725    -0.00927
 0.81812    -0.00847
 0.82874    -0.00770
 0.83915    -0.00695
 0.84933    -0.00624
 0.85926    -0.00559
 0.86892    -0.00499
 0.87828    -0.00442
 0.88736    -0.00388
 0.89617    -0.00338
 0.90468    -0.00295
 0.91285    -0.00253
 0.92070    -0.00215
 0.92824    -0.00185
 0.93545    -0.00158
 0.94230    -0.00135
 0.94878    -0.00114
 0.95488    -0.00095
 0.96063    -0.00080
 0.96600    -0.00068
 0.97100    -0.00057
 0.97561    -0.00049
 0.97980    -0.00044
 0.98361    -0.00039
 0.98701    -0.00036
 0.99003    -0.00034
 0.99263    -0.00033
 0.99485    -0.00033
 0.99668    -0.00034
 0.99812    -0.00035
 0.99914    -0.00036
 0.99978    -0.00036
 1.00000    -0.00036
