continent_reaf
 1.0000000    -0.0000000
 0.9997914     0.0000717
 0.9992118     0.0002471
 0.9982636     0.0005265
 0.9969750     0.0009049
 0.9953367     0.0013845
 0.9933695     0.0019584
 0.9910732     0.0026257
 0.9884563     0.0033819
 0.9855235     0.0042226
 0.9822810     0.0051455
 0.9787191     0.0061503
 0.9748492     0.0072334
 0.9706829     0.0083899
 0.9662073     0.0096302
 0.9614332     0.0109460
 0.9563531     0.0123477
 0.9509948     0.0138276
 0.9453380     0.0153941
 0.9394030     0.0170390
 0.9331886     0.0187677
 0.9267150     0.0205821
 0.9199734     0.0224756
 0.9129838     0.0244603
 0.9057402     0.0265235
 0.8982675     0.0286640
 0.8905639     0.0308854
 0.8826487     0.0331755
 0.8745315     0.0355445
 0.8662236     0.0379762
 0.8577226     0.0404723
 0.8490427     0.0430279
 0.8401990     0.0456471
 0.8312025     0.0483132
 0.8220627     0.0510248
 0.8127905     0.0537750
 0.8033932     0.0565546
 0.7938847     0.0593564
 0.7842750     0.0621815
 0.7745752     0.0650121
 0.7647820     0.0678473
 0.7549178     0.0706747
 0.7449821     0.0734812
 0.7349862     0.0762730
 0.7249429     0.0790277
 0.7148509     0.0817406
 0.7047005     0.0844124
 0.6945135     0.0870291
 0.6842821     0.0895897
 0.6740126     0.0920901
 0.6637053     0.0945198
 0.6533656     0.0968720
 0.6429885     0.0991456
 0.6325755     0.1013370
 0.6221279     0.1034437
 0.6116428     0.1054724
 0.6011423     0.1074043
 0.5906137     0.1092451
 0.5800705     0.1109957
 0.5695114     0.1126504
 0.5589265     0.1142111
 0.5483250     0.1156736
 0.5376960     0.1170434
 0.5270693     0.1183228
 0.5164458     0.1194981
 0.5058139     0.1205775
 0.4951846     0.1215642
 0.4845578     0.1224485
 0.4739413     0.1232380
 0.4633366     0.1239353
 0.4527636     0.1245313
 0.4422209     0.1250307
 0.4316897     0.1254328
 0.4211986     0.1257422
 0.4107477     0.1259566
 0.4003370     0.1260792
 0.3899758     0.1261054
 0.3796641     0.1260368
 0.3694015     0.1258726
 0.3592077     0.1256170
 0.3490725     0.1252759
 0.3390154     0.1248396
 0.3290264     0.1243142
 0.3191150     0.1236942
 0.3092912     0.1229834
 0.2995447     0.1221857
 0.2898937     0.1213055
 0.2803403     0.1203367
 0.2708723     0.1192774
 0.2615107     0.1181389
 0.2522461     0.1169114
 0.2430964     0.1156119
 0.2340625     0.1142292
 0.2251550     0.1127694
 0.2163719     0.1112330
 0.2077118     0.1096144
 0.1991762     0.1079257
 0.1907775     0.1061631
 0.1825021     0.1043220
 0.1743830     0.1024197
 0.1664072     0.1004466
 0.1585754     0.0984094
 0.1509092     0.0963107
 0.1433847     0.0941438
 0.1360173     0.0919203
 0.1288221     0.0896447
 0.1217904     0.0873126
 0.1149311     0.0849248
 0.1082382     0.0824809
 0.1017181     0.0799897
 0.0953702     0.0774530
 0.0891999     0.0748767
 0.0832132     0.0722597
 0.0774118     0.0696081
 0.0718047     0.0669232
 0.0663964     0.0642057
 0.0611761     0.0614561
 0.0561495     0.0586840
 0.0513186     0.0558840
 0.0466720     0.0530596
 0.0422251     0.0502330
 0.0379810     0.0473884
 0.0339577     0.0445387
 0.0301383     0.0416850
 0.0265380     0.0388396
 0.0231494     0.0359898
 0.0199787     0.0331490
 0.0170437     0.0303309
 0.0143347     0.0275253
 0.0118526     0.0247432
 0.0095918     0.0219898
 0.0075611     0.0192837
 0.0057597     0.0166068
 0.0041959     0.0139689
 0.0028740     0.0113855
 0.0018003     0.0088728
 0.0009576     0.0064421
 0.0003747     0.0040343
 0.0000250     0.0010073
-0.0000025     0.0000945
 0.0001580    -0.0023597
 0.0006391    -0.0047736
 0.0012981    -0.0064815
 0.0022879    -0.0083007
 0.0035667    -0.0100471
 0.0051659    -0.0117146
 0.0070563    -0.0132881
 0.0092396    -0.0147597
 0.0117154    -0.0161067
 0.0145011    -0.0173434
 0.0175979    -0.0184904
 0.0210278    -0.0195552
 0.0247744    -0.0205328
 0.0288368    -0.0214219
 0.0332130    -0.0222292
 0.0378919    -0.0229587
 0.0428832    -0.0236129
 0.0481970    -0.0241938
 0.0538244    -0.0247038
 0.0597449    -0.0251460
 0.0659778    -0.0255183
 0.0724931    -0.0258236
 0.0793206    -0.0260655
 0.0864506    -0.0262444
 0.0938531    -0.0263543
 0.1015475    -0.0264007
 0.1095139    -0.0263871
 0.1177621    -0.0263104
 0.1262918    -0.0261774
 0.1350926    -0.0259828
 0.1441650    -0.0257350
 0.1534880    -0.0254366
 0.1630620    -0.0250904
 0.1728966    -0.0246940
 0.1829611    -0.0242506
 0.1932761    -0.0237630
 0.2038013    -0.0232535
 0.2145573    -0.0227062
 0.2255324    -0.0221285
 0.2366972    -0.0215057
 0.2480620    -0.0208473
 0.2596160    -0.0201741
 0.2713509    -0.0194804
 0.2832554    -0.0187683
 0.2953290    -0.0180277
 0.3075522    -0.0172694
 0.3199354    -0.0164891
 0.3324481    -0.0156988
 0.3450998    -0.0148921
 0.3578809    -0.0140744
 0.3707715    -0.0132481
 0.3837621    -0.0124216
 0.3968517    -0.0115883
 0.4100401    -0.0107466
 0.4232880    -0.0098961
 0.4366147    -0.0090572
 0.4499921    -0.0082280
 0.4634184    -0.0074010
 0.4768838    -0.0065684
 0.4903780    -0.0057456
 0.5038924    -0.0049334
 0.5174062    -0.0041402
 0.5309293    -0.0033543
 0.5444219    -0.0025782
 0.5579043    -0.0018268
 0.5713371    -0.0011002
 0.5847396    -0.0003942
 0.5980823     0.0002978
 0.6113552     0.0009595
 0.6245684     0.0015957
 0.6376910     0.0022265
 0.6507230     0.0028390
 0.6636649     0.0034354
 0.6764975     0.0040103
 0.6892206     0.0045455
 0.7018235     0.0050561
 0.7142968     0.0055325
 0.7266306     0.0059783
 0.7388349     0.0063815
 0.7508796     0.0067381
 0.7627742     0.0070606
 0.7744985     0.0073498
 0.7860431     0.0075880
 0.7973981     0.0077649
 0.8085533     0.0078935
 0.8194786     0.0079774
 0.8301844     0.0080163
 0.8406405     0.0080136
 0.8508373     0.0079499
 0.8607747     0.0078349
 0.8704430     0.0076712
 0.8798120     0.0074792
 0.8888922     0.0072551
 0.8976733     0.0069977
 0.9061254     0.0067027
 0.9142685     0.0063676
 0.9220623     0.0060132
 0.9295279     0.0056323
 0.9366439     0.0052366
 0.9434009     0.0048174
 0.9497889     0.0043930
 0.9558172     0.0039616
 0.9614761     0.0035291
 0.9667458     0.0030923
 0.9716351     0.0026648
 0.9761346     0.0022525
 0.9802435     0.0018614
 0.9839600     0.0014961
 0.9872858     0.0011627
 0.9902306     0.0008595
 0.9927941     0.0005953
 0.9949647     0.0003673
 0.9967542     0.0001825
 0.9981621     0.0000338
 0.9991679    -0.0000704
 0.9997904    -0.0001423
 1.0000000    -0.0001536
