rev_root_140
 1.0000000     0.0000800
 0.9998000     0.0001500
 0.9992100     0.0003500
 0.9982700     0.0006800
 0.9969800     0.0011300
 0.9953600     0.0016900
 0.9934100     0.0023600
 0.9911500     0.0031200
 0.9885700     0.0039800
 0.9856900     0.0049400
 0.9825100     0.0059700
 0.9790300     0.0070900
 0.9752500     0.0082800
 0.9711800     0.0095400
 0.9668100     0.0108800
 0.9621600     0.0122900
 0.9572300     0.0137600
 0.9520200     0.0153000
 0.9465300     0.0169000
 0.9407600     0.0185600
 0.9347200     0.0202800
 0.9284100     0.0220800
 0.9218400     0.0239400
 0.9150300     0.0258800
 0.9079800     0.0278700
 0.9006800     0.0299300
 0.8931600     0.0320500
 0.8854200     0.0342400
 0.8774800     0.0364800
 0.8693400     0.0387800
 0.8610000     0.0411200
 0.8524600     0.0435100
 0.8437500     0.0459500
 0.8348800     0.0484400
 0.8258600     0.0509600
 0.8166800     0.0535000
 0.8073500     0.0560700
 0.7978800     0.0586700
 0.7882900     0.0613000
 0.7785900     0.0639500
 0.7687900     0.0665800
 0.7588800     0.0692100
 0.7488600     0.0718400
 0.7387600     0.0744500
 0.7285800     0.0770400
 0.7183200     0.0796000
 0.7079600     0.0821300
 0.6975400     0.0846300
 0.6870600     0.0871200
 0.6765500     0.0895600
 0.6660100     0.0919400
 0.6554300     0.0942500
 0.6448000     0.0964600
 0.6341100     0.0986000
 0.6233900     0.1006700
 0.6126200     0.1026600
 0.6018300     0.1045600
 0.5910000     0.1063700
 0.5801400     0.1080900
 0.5692400     0.1097200
 0.5583200     0.1112600
 0.5473900     0.1127100
 0.5364400     0.1140700
 0.5254800     0.1153400
 0.5145100     0.1165000
 0.5035300     0.1175700
 0.4925500     0.1185600
 0.4815800     0.1194500
 0.4706200     0.1202600
 0.4596900     0.1209700
 0.4487800     0.1215800
 0.4378900     0.1220900
 0.4270300     0.1225100
 0.4162100     0.1228400
 0.4054500     0.1230800
 0.3947300     0.1232200
 0.3840700     0.1232600
 0.3734500     0.1231900
 0.3628900     0.1230400
 0.3524100     0.1228100
 0.3420000     0.1224800
 0.3316900     0.1220600
 0.3214500     0.1215300
 0.3112900     0.1209100
 0.3012100     0.1202000
 0.2912400     0.1194100
 0.2813900     0.1185400
 0.2716500     0.1175700
 0.2620100     0.1164900
 0.2524800     0.1153300
 0.2430700     0.1140900
 0.2337800     0.1127700
 0.2246300     0.1113800
 0.2156300     0.1099000
 0.2067600     0.1083300
 0.1980200     0.1066800
 0.1894300     0.1049500
 0.1809900     0.1031500
 0.1727100     0.1012900
 0.1646100     0.0993600
 0.1566600     0.0973400
 0.1488700     0.0952400
 0.1412400     0.0930700
 0.1337900     0.0908600
 0.1265100     0.0885800
 0.1194200     0.0862400
 0.1125000     0.0838400
 0.1057700     0.0813800
 0.0992100     0.0788700
 0.0928400     0.0763200
 0.0866700     0.0737300
 0.0807000     0.0711000
 0.0749300     0.0684200
 0.0693500     0.0657100
 0.0639600     0.0629600
 0.0587800     0.0602000
 0.0538100     0.0574100
 0.0490600     0.0546200
 0.0445200     0.0517900
 0.0402000     0.0489400
 0.0360700     0.0460700
 0.0321500     0.0432100
 0.0284600     0.0403600
 0.0249900     0.0375200
 0.0217500     0.0346700
 0.0187300     0.0318200
 0.0159200     0.0289900
 0.0133300     0.0261800
 0.0109500     0.0234100
 0.0088000     0.0206700
 0.0068800     0.0179900
 0.0051900     0.0153600
 0.0037300     0.0127600
 0.0025200     0.0102800
 0.0015300     0.0077200
 0.0007800     0.0055400
 0.0002800     0.0029500
 0.0000300     0.0003300
 0.0000400    -0.0005100
 0.0003500    -0.0031500
 0.0009600    -0.0050300
 0.0018600    -0.0068400
 0.0030700    -0.0085700
 0.0045500    -0.0102300
 0.0063200    -0.0118000
 0.0083700    -0.0132700
 0.0107300    -0.0146300
 0.0134300    -0.0158900
 0.0164700    -0.0171000
 0.0198200    -0.0182700
 0.0234300    -0.0194000
 0.0273300    -0.0204400
 0.0315200    -0.0213800
 0.0360200    -0.0222600
 0.0408300    -0.0231000
 0.0459000    -0.0238900
 0.0512400    -0.0245900
 0.0568600    -0.0252000
 0.0627900    -0.0257400
 0.0690100    -0.0262400
 0.0754900    -0.0267000
 0.0822100    -0.0270900
 0.0891900    -0.0273800
 0.0964400    -0.0276000
 0.1039900    -0.0277600
 0.1117800    -0.0278800
 0.1198100    -0.0279300
 0.1280700    -0.0279000
 0.1366000    -0.0277900
 0.1454000    -0.0276300
 0.1544500    -0.0274400
 0.1637000    -0.0272000
 0.1731700    -0.0268800
 0.1828700    -0.0265000
 0.1928200    -0.0260600
 0.2030000    -0.0256100
 0.2133600    -0.0251200
 0.2239000    -0.0245800
 0.2346500    -0.0239700
 0.2456100    -0.0233100
 0.2567800    -0.0226500
 0.2681000    -0.0219700
 0.2795700    -0.0212500
 0.2912100    -0.0204600
 0.3030300    -0.0196500
 0.3150200    -0.0188400
 0.3271400    -0.0180400
 0.3393700    -0.0171900
 0.3517300    -0.0163100
 0.3642300    -0.0154200
 0.3768500    -0.0145300
 0.3895700    -0.0136600
 0.4023500    -0.0127700
 0.4152200    -0.0118500
 0.4281900    -0.0109300
 0.4412400    -0.0100300
 0.4543300    -0.0091500
 0.4674500    -0.0082600
 0.4806000    -0.0073600
 0.4938200    -0.0064600
 0.5070700    -0.0055900
 0.5203100    -0.0047600
 0.5335300    -0.0039300
 0.5467400    -0.0030800
 0.5599600    -0.0022500
 0.5731600    -0.0014600
 0.5863100    -0.0006900
 0.5993800     0.0000700
 0.6124100     0.0008400
 0.6254000     0.0015900
 0.6383300     0.0023000
 0.6511500     0.0029800
 0.6638700     0.0036600
 0.6765100     0.0043500
 0.6890700     0.0050000
 0.7015300     0.0056000
 0.7138500     0.0061700
 0.7260300     0.0067400
 0.7381000     0.0072900
 0.7500500     0.0077900
 0.7618500     0.0082200
 0.7734800     0.0086000
 0.7849200     0.0089600
 0.7962100     0.0092700
 0.8073200     0.0095000
 0.8182100     0.0096500
 0.8288500     0.0097500
 0.8392700     0.0098200
 0.8494700     0.0098300
 0.8594200     0.0097600
 0.8690900     0.0096300
 0.8784600     0.0094600
 0.8875600     0.0092500
 0.8963800     0.0089900
 0.9048900     0.0086700
 0.9130700     0.0083000
 0.9209200     0.0079200
 0.9284600     0.0075000
 0.9356700     0.0070400
 0.9425100     0.0065200
 0.9489800     0.0059900
 0.9550700     0.0054600
 0.9608100     0.0049300
 0.9661700     0.0043900
 0.9711500     0.0038400
 0.9757400     0.0033000
 0.9799200     0.0027700
 0.9837100     0.0022700
 0.9870900     0.0018100
 0.9900900     0.0013900
 0.9926800     0.0010200
 0.9948900     0.0007000
 0.9967000     0.0004300
 0.9981300     0.0002100
 0.9991500     0.0000500
 0.9997800    -0.0000400
 1.0000000    -0.0000800
