snou1013
 1.00000     0.00000
 0.99980     0.00005
 0.99920     0.00022
 0.99824     0.00048
 0.99693     0.00083
 0.99528     0.00127
 0.99330     0.00180
 0.99102     0.00241
 0.98841     0.00310
 0.98548     0.00388
 0.98226     0.00473
 0.97874     0.00565
 0.97492     0.00665
 0.97081     0.00773
 0.96641     0.00889
 0.96172     0.01011
 0.95677     0.01141
 0.95152     0.01279
 0.94601     0.01424
 0.94022     0.01576
 0.93418     0.01734
 0.92784     0.01902
 0.92127     0.02075
 0.91445     0.02259
 0.90739     0.02448
 0.90010     0.02644
 0.89257     0.02849
 0.88483     0.03059
 0.87691     0.03277
 0.86877     0.03502
 0.86045     0.03732
 0.85193     0.03968
 0.84325     0.04211
 0.83440     0.04459
 0.82540     0.04711
 0.81626     0.04968
 0.80697     0.05228
 0.79753     0.05491
 0.78799     0.05757
 0.77834     0.06026
 0.76858     0.06294
 0.75872     0.06564
 0.74874     0.06831
 0.73869     0.07098
 0.72855     0.07364
 0.71835     0.07626
 0.70803     0.07886
 0.69767     0.08141
 0.68722     0.08393
 0.67675     0.08640
 0.66624     0.08879
 0.65570     0.09112
 0.64511     0.09337
 0.63447     0.09554
 0.62378     0.09763
 0.61304     0.09965
 0.60229     0.10157
 0.59148     0.10339
 0.58067     0.10513
 0.56981     0.10678
 0.55893     0.10834
 0.54801     0.10980
 0.53710     0.11116
 0.52617     0.11244
 0.51523     0.11361
 0.50429     0.11468
 0.49334     0.11567
 0.48240     0.11655
 0.47148     0.11733
 0.46058     0.11803
 0.44969     0.11862
 0.43883     0.11911
 0.42800     0.11951
 0.41721     0.11981
 0.40648     0.12002
 0.39579     0.12014
 0.38516     0.12015
 0.37456     0.12006
 0.36404     0.11987
 0.35358     0.11961
 0.34320     0.11925
 0.33292     0.11880
 0.32272     0.11825
 0.31259     0.11760
 0.30255     0.11686
 0.29261     0.11606
 0.28279     0.11516
 0.27308     0.11417
 0.26347     0.11311
 0.25396     0.11194
 0.24457     0.11072
 0.23532     0.10941
 0.22620     0.10802
 0.21722     0.10656
 0.20837     0.10502
 0.19965     0.10342
 0.19107     0.10173
 0.18264     0.09997
 0.17438     0.09815
 0.16630     0.09627
 0.15836     0.09433
 0.15057     0.09231
 0.14294     0.09023
 0.13549     0.08809
 0.12821     0.08591
 0.12111     0.08367
 0.11418     0.08137
 0.10744     0.07901
 0.10085     0.07661
 0.09446     0.07417
 0.08827     0.07169
 0.08227     0.06917
 0.07646     0.06662
 0.07086     0.06403
 0.06543     0.06138
 0.06022     0.05874
 0.05520     0.05606
 0.05042     0.05337
 0.04583     0.05067
 0.04142     0.04795
 0.03724     0.04519
 0.03328     0.04244
 0.02952     0.03969
 0.02598     0.03695
 0.02266     0.03420
 0.01958     0.03148
 0.01670     0.02874
 0.01402     0.02602
 0.01157     0.02332
 0.00934     0.02066
 0.00735     0.01803
 0.00562     0.01545
 0.00409     0.01290
 0.00280     0.01047
 0.00170     0.00797
 0.00088     0.00582
 0.00031     0.00326
 0.00004     0.00064
 0.00005    -0.00020
 0.00034    -0.00283
 0.00086    -0.00473
 0.00170    -0.00658
 0.00284    -0.00834
 0.00427    -0.01005
 0.00607    -0.01159
 0.00815    -0.01299
 0.01055    -0.01427
 0.01329    -0.01541
 0.01638    -0.01646
 0.01977    -0.01744
 0.02343    -0.01835
 0.02738    -0.01919
 0.03157    -0.01994
 0.03610    -0.02064
 0.04093    -0.02128
 0.04602    -0.02186
 0.05137    -0.02237
 0.05700    -0.02281
 0.06293    -0.02320
 0.06915    -0.02353
 0.07563    -0.02382
 0.08235    -0.02406
 0.08932    -0.02423
 0.09656    -0.02434
 0.10411    -0.02440
 0.11189    -0.02441
 0.11991    -0.02437
 0.12816    -0.02428
 0.13669    -0.02412
 0.14548    -0.02393
 0.15453    -0.02369
 0.16377    -0.02342
 0.17323    -0.02310
 0.18292    -0.02273
 0.19286    -0.02231
 0.20304    -0.02188
 0.21339    -0.02141
 0.22394    -0.02091
 0.23468    -0.02036
 0.24564    -0.01977
 0.25682    -0.01917
 0.26813    -0.01855
 0.27960    -0.01792
 0.29124    -0.01722
 0.30305    -0.01651
 0.31505    -0.01578
 0.32717    -0.01506
 0.33940    -0.01431
 0.35175    -0.01353
 0.36426    -0.01273
 0.37689    -0.01192
 0.38961    -0.01112
 0.40238    -0.01029
 0.41525    -0.00946
 0.42822    -0.00861
 0.44127    -0.00778
 0.45436    -0.00696
 0.46747    -0.00613
 0.48062    -0.00529
 0.49384    -0.00446
 0.50709    -0.00365
 0.52032    -0.00288
 0.53355    -0.00212
 0.54676    -0.00136
 0.55997    -0.00062
 0.57317     0.00009
 0.58631     0.00077
 0.59938     0.00144
 0.61242     0.00209
 0.62541     0.00271
 0.63833     0.00332
 0.65115     0.00387
 0.66386     0.00440
 0.67650     0.00493
 0.68906     0.00541
 0.70152     0.00587
 0.71383     0.00628
 0.72602     0.00668
 0.73808     0.00705
 0.75003     0.00736
 0.76183     0.00762
 0.77345     0.00786
 0.78489     0.00806
 0.79619     0.00820
 0.80728     0.00830
 0.81816     0.00834
 0.82880     0.00833
 0.83922     0.00830
 0.84940     0.00820
 0.85935     0.00807
 0.86900     0.00789
 0.87837     0.00768
 0.88747     0.00744
 0.89627     0.00717
 0.90478     0.00687
 0.91295     0.00652
 0.92080     0.00616
 0.92834     0.00578
 0.93555     0.00539
 0.94238     0.00496
 0.94887     0.00454
 0.95496     0.00412
 0.96071     0.00371
 0.96607     0.00329
 0.97105     0.00287
 0.97565     0.00246
 0.97985     0.00207
 0.98364     0.00169
 0.98703     0.00135
 0.99004     0.00104
 0.99265     0.00078
 0.99488     0.00054
 0.99669     0.00036
 0.99812     0.00021
 0.99915     0.00011
 0.99978     0.00002
 1.00000     0.00000
