LIEBECK L1003 AIRFOIL

1.00000 	0.00000 
0.95000 	0.00185 
0.90000 	0.00556 
0.85000 	0.01204 
0.80000 	0.02037 
0.75000 	0.02870 
0.70000 	0.04074 
0.65000 	0.05185 
0.60000 	0.06667 
0.55000 	0.08056 
0.50000 	0.09630 
0.45000 	0.11852 
0.40000 	0.13518 
0.35000 	0.14815 
0.30000 	0.15370 
0.25000 	0.14815 
0.20000 	0.13704 
0.15000 	0.12222 
0.10000 	0.09722 
0.07500 	0.08333 
0.05000 	0.06296 
0.03750 	0.05093 
0.02500 	0.03981 
0.01250 	0.02307 
  0.000000  0.000000
  0.012500 -0.037040
  0.025000 -0.046300
  0.037500 -0.049070
  0.050000 -0.049070
  0.075000 -0.043520
  0.100000 -0.039810
  0.150000 -0.033330
  0.200000 -0.028700
  0.250000 -0.025930
  0.300000 -0.023150
  0.350000 -0.020370
  0.400000 -0.018520
  0.450000 -0.016670
  0.500000 -0.014810
  0.550000 -0.012960
  0.600000 -0.011110
  0.650000 -0.009260
  0.700000 -0.007410
  0.750000 -0.005560
  0.800000 -0.003700
  0.850000 -0.002780
  0.900000 -0.001850
  0.950000 -0.000930
  1.000000  0.000000